50
17953 25740
5616 815
25987 31079
20747 12976
25017 12970
495 21916
2726 1078
34214 4407
5147 26001
14536 33311
7409 950
33633 20635
7830 28013
23963 38702
6589 5353
25615 39691
11553 26534
29016 35306
4330 29445
26478 39159
34192 36213
9523 10705
29618 6108
35013 38918
19843 35474
21433 15564
7119 9907
11770 23193
8763 36488
1244 4942
3329 16277
31796 11581
37114 27895
32104 7085
16473 11988
17452 33386
32938 38518
841 16426
30848 17592
32207 17259
37513 7650
22222 25807
29386 15433
12581 20786
24891 18506
10283 10156
34675 26947
762 36274
26225 19642
27980 2566
238
21349 30521
7453 30795
15858 19061
8701 32866
18630 12648
18289 34997
14698 30531
33088 34110
13759 12542
10805 347
16309 33113
24760 21046
39505 38901
27529 37300
12196 27343
31175 16667
13101 24734
33412 17554
1952 21780
16559 17777
964 4002
34069 38579
1648 39039
22719 39694
17078 39019
24584 39520
24853 27167
30044 15405
39610 35689
10668 8420
21430 31495
23625 21368
7172 31431
1894 21155
14577 15631
16465 31997
22405 34705
580 3335
33855 13217
22213 29640
26776 4238
19592 6736
9011 37314
1726 30234
14201 27389
2300 20622
13917 15085
11324 20519
9585 11859
36754 8582
7688 10492
25582 21861
26103 14945
31055 25329
25435 7881
15541 3734
19298 11286
37657 23003
32192 27579
25646 4557
10665 17177
2260 26637
9621 22299
12391 19287
21480 6871
39509 19427
30102 35572
1763 9861
38015 39408
26380 24681
7080 24311
35079 21522
4766 36234
15762 13602
6128 17873
8454 25566
5257 7976
34566 37096
23162 36852
34670 32047
1178 23197
20123 18967
18157 21269
31750 35476
20744 12121
21253 25956
17272 7765
17157 12270
30746 8135
38869 31997
15116 20652
29550 7251
5941 36470
25664 12642
28745 29363
1245 21402
25669 17798
28225 14808
8629 23951
36514 12374
19957 9761
22928 2191
33766 5152
27060 13015
8655 18610
37468 7242
14573 4095
19180 38075
38451 38253
15012 33159
16081 37961
30175 33855
20402 35605
12070 27686
39006 27504
13221 23886
35878 25150
15485 13943
13106 1892
39254 32878
20689 18227
2371 22045
3312 28588
39942 25194
11804 17438
9711 9304
32921 29088
20915 38855
30407 27196
37417 22601
21073 13601
28316 33358
13989 13592
30456 835
105 5566
22972 39536
37687 27675
12626 39669
31317 21766
12288 18685
6367 18313
2212 35647
32707 33783
4430 38947
30204 39447
5603 9343
7038 26651
12309 1544
29638 25622
32520 1145
12777 13338
23916 778
16892 18141
15247 11808
15347 39224
24909 37586
28298 5710
32603 2021
11364 12578
35871 29060
18965 5325
28140 14406
30730 2726
28853 33271
35506 18945
23828 32417
32253 33349
17629 26187
35024 37656
14436 16840
27845 23680
18015 31944
28526 12317
12335 19270
37095 15219
22011 20457
39789 24364
26194 16656
25529 22078
19848 9597
39324 39097
18711 22994
7603 38551
7739 3551
14893 16918
31414 2402
21210 10919
20174 21715
20110 35812
29994 36436
13922 12525
31166 3544
6668 33000
15585 8971
10921 25684
33787 36759
7975 1334
18566 2497
22254 10993
21118 22689
32552 11585
35251 18099
9968 8615
33260 20176
2746 28096
2702 23641
5387 17453
4427 17307
30056 22394
33924 11807
1863 36439
17815 21354
28538 17928
17634 11718
16283 24016
38069 7742
9846 30480
32826 8484
33444 37532
8071 13174
39907 7818
6419 17660
38138 5986
29314 24502
26501 30862
36627 19589
35077 1564
34712 4721
232 12450
14900 2504
14369 19278
8414 22679
492 3782
24648 10776
8645 12049
12005 3974
13643 19362
11861 24405
89
14501 2626
14392 13809
37560 8501
27212 31433
39475 27432
19806 9370
30471 11161
17906 31108
35197 4748
33950 11378
3462 20854
7720 859
36345 24505
34204 27795
28688 36111
11373 27020
20628 36725
32509 35811
11778 32147
14975 29208
25341 2597
30050 5957
39826 36891
33406 39096
34601 12757
8210 1523
26927 13285
32109 2274
36527 24094
26106 35309
22574 4305
8269 27356
1796 29796
29997 29453
28587 19965
32933 10543
25436 31245
22909 36911
4956 39664
4212 20955
18612 32645
22833 1091
24561 7229
1781 28576
9674 5357
13224 12109
18339 17376
35164 33243
17230 23670
25436 30205
12240 31667
39425 4147
22415 26360
34220 4597
30482 15359
4354 16634
6590 38358
32144 3071
33621 4792
34828 29869
2453 24522
21425 32699
32718 11446
8329 6109
37366 13117
23436 9757
14082 28784
20371 56
16208 4941
4966 4607
21682 30101
38433 6873
22096 9403
37513 27273
21824 31310
9037 26177
39472 13275
33617 20181
27204 26001
23741 11578
2956 29685
11069 25967
24121 31489
34313 10762
28642 4176
22127 3752
30761 39680
28327 33504
26647 2404
291
23287 14020
16798 15482
853 648
26506 19020
33730 1260
35750 23281
4107 25927
17236 16464
3600 28958
32663 12997
11049 22636
3235 14666
37529 9905
739 20035
5384 35432
30143 26588
21782 8180
31913 32363
17692 38651
31611 12731
24368 35300
4764 9557
24557 37982
6858 38389
31820 19949
1388 32316
21491 26521
24227 26474
14483 552
23064 8840
28554 31305
27037 37472
6500 35788
13525 25772
30060 11618
11328 17371
16055 33500
20236 30914
3032 31364
32941 8520
22418 24101
37599 21654
15415 15986
924 11780
31973 16962
17472 16149
19267 23173
24502 5945
11918 25386
2489 28553
6663 8639
2588 38731
39589 10506
18373 16457
7888 29271
17126 5628
26900 37750
20301 29086
38384 6232
10892 8882
3118 27614
4855 11651
9440 7361
3977 130
13832 17544
11465 38428
7931 10696
32224 19697
9733 4209
29676 28248
29545 15993
9198 9684
39919 21755
16018 20754
28575 7917
4104 13642
32325 3413
6582 11634
30239 5789
28447 23253
32402 11522
37237 34243
39099 19801
20016 34120
5956 39370
10138 20434
13298 1926
36789 34702
15788 12257
19489 30379
32231 30735
33934 15862
37456 10491
10681 36606
31575 27103
22034 34489
33017 21918
37440 33127
38111 9185
39624 619
16467 20222
19121 17010
18209 19084
26450 23995
25290 25315
2946 20084
23890 19524
14381 1735
39186 15097
18038 22612
20219 28995
8100 39177
32258 7043
29100 16654
6441 2836
39772 1336
27338 32712
22282 17984
39130 9726
39311 37005
9729 2078
37553 38867
34370 20221
21293 491
15020 26860
28139 11851
37274 10363
38130 2422
7372 1490
37085 23997
19742 11966
16020 27778
21319 16088
32291 17302
19622 145
3059 31599
16561 13659
35405 34118
33089 4848
20913 35830
39600 17249
7294 8524
16173 18229
22557 17205
34865 24880
4451 35334
18761 25304
25837 27445
12013 21042
13973 7220
19041 17430
34465 13136
14912 8299
26701 8756
30280 30499
22816 9224
24908 2452
31830 432
2703 4603
14305 254
33524 12104
9180 32697
6883 26174
38654 1102
25913 27148
15201 27175
11121 12179
24179 33669
37002 25123
14016 14769
8039 37859
935 8114
14338 32932
7961 543
8202 11379
22084 34394
18500 30773
25963 29129
27328 26356
16245 30266
30462 11663
200 8350
11464 38351
3095 2664
36764 11744
39416 1451
4259 18733
29668 28010
19339 35074
39466 21174
39037 23378
3907 28447
13580 20789
6681 19018
1802 14984
22886 31014
18951 5927
18424 39430
10101 15052
21391 29015
21194 29642
30230 13152
25346 5264
24198 7801
28580 8210
37311 26723
34598 1304
2248 24735
4113 22566
36647 35116
4067 39429
11302 8502
21898 1133
27715 10447
36684 1804
27297 13821
15213 34182
16717 20768
18486 33159
13056 11743
8526 14105
11516 11932
5992 34806
1941 3210
31823 36635
2486 33539
16583 20346
1513 11273
7205 20951
5160 38213
15591 1515
22332 11800
29980 17203
22020 26412
32128 5308
37322 16759
3832 18444
9483 29479
39130 31441
9237 39622
33834 5315
34108 22414
20224 37303
26195 17554
30168 26806
20693 39067
9710 25208
34829 29138
20308 37771
39195 34331
21143 16821
8950 28064
15480 38296
6975 30886
8163 29174
34537 39122
2685 34858
24036 35155
8200 33424
9661 5428
34225 35769
21109 27726
3082 14909
11674 15724
12686 36257
25618 18780
19585 28204
16960 26238
7007 1880
10340 11472
618 7542
22830 15906
16543 4085
23391 29913
25049 24999
33132 35467
24429 38567
23583 29659
4162 10851
38887 17724
13976 3446
8041 15162
2872 15277
38281 11507
3826 12333
25443 357
14967 34521
13076 21040
17880 29502
15845 27414
13763 8439
397
36413 36354
10070 37218
11631 31957
21053 22974
19834 6069
7083 28664
35498 28765
4535 29092
36204 6014
15984 24626
16165 12208
5774 11397
11113 33338
6650 20120
29823 26110
23572 17544
31625 10932
39840 16633
25934 1766
7500 10961
38926 19709
19368 16412
9564 8068
37011 39845
6628 6622
26124 23191
34627 24127
29022 1678
8926 29437
2824 26705
6281 19157
10682 13488
17545 26429
21867 36833
23732 34848
5950 14273
31994 20359
32740 19606
5805 25182
18939 23864
27319 5766
39172 6305
37236 34059
15050 23953
17119 35809
15194 21775
38875 9649
34356 13567
28142 12979
8060 39406
38594 2392
9420 3969
28256 34597
2015 14170
27087 33543
9651 9640
15423 27571
3387 13392
16072 10410
19111 4249
4338 24999
4557 9646
12703 34616
2019 3800
16519 8358
9907 6016
6617 25154
37677 18402
35581 12065
20718 2998
28147 22161
31828 31448
13125 34653
16421 18496
35084 19899
22957 19286
27618 1883
1032 36498
18387 836
14274 11656
23993 15382
30825 23139
27435 31492
11490 31168
3197 20127
28209 27290
28847 20312
19454 4573
21818 37931
10254 6862
3869 7031
11224 39620
18867 35772
26233 22280
36311 19678
12031 7912
9880 15477
32173 1292
6480 29738
15112 22678
891 25702
31345 11238
18817 10429
2846 22396
16529 15524
1530 464
29667 8234
9725 33733
4603 33179
27068 7456
20764 29731
18786 3298
14184 22297
3872 13713
3356 13458
33324 16807
18991 25739
12666 25190
10497 23744
28579 20926
25091 20814
9077 18536
25745 7668
24418 14766
20752 9488
4092 17746
25502 30575
12778 17583
27506 5496
11667 36745
14711 16296
17097 39080
25564 1512
1015 29751
7185 10762
13827 4820
33591 30161
39943 11386
6694 35391
34150 28234
6768 31024
16973 17994
13928 17484
30642 30615
7792 34054
8379 31379
517 15646
5640 19372
8341 16507
23835 1706
7234 7503
9383 19440
9665 11471
8659 29495
34383 5007
14217 35584
16956 12333
7297 23374
9352 11493
11869 8882
5946 31100
22200 6344
9471 37051
2491 37778
14593 35602
23296 34717
39881 22439
7350 15136
37168 290
120 36758
30593 38120
30955 25696
39271 21312
1431 8519
10104 24008
3263 10167
12193 35676
5297 2852
22946 11608
33735 8658
36204 1893
32110 27903
6700 22145
26730 3164
18985 20290
7161 22213
33994 32070
23088 37568
32371 7691
37823 6832
9802 5588
2578 14513
38628 38583
10987 9825
5918 24039
33200 18711
19211 32613
25867 27618
19345 26978
38419 24958
15798 12428
17674 32219
33881 9005
35879 507
3118 33194
9773 31698
34408 1506
7117 14132
9981 11437
20580 19530
18470 32345
18293 34495
24372 9677
16804 7028
37517 33828
2030 18628
27375 34881
27593 19817
17098 1017
3790 8295
12151 13450
24639 23711
16365 14557
31893 27150
2910 34268
29561 35862
17356 31492
31042 38182
37774 2861
36298 21561
30501 7280
38793 15015
384 15788
11881 39324
12011 36082
146 20003
3192 8358
28439 27861
37534 12679
11607 3295
17331 36868
33050 5612
4810 13836
27630 7351
34832 23920
13243 27331
25744 26685
7728 30592
39108 6155
22308 38580
34670 21957
38806 9081
26628 25730
39989 3928
27579 8940
35267 24719
14970 35570
4415 9757
19572 30357
19887 15544
33662 16790
31579 821
15873 38659
11598 19581
30729 27200
14131 27392
33859 33816
37830 6141
28248 32808
29429 33876
9729 34619
24738 20171
9312 20694
33220 32280
19749 26727
6159 20874
35553 5918
938 9238
23500 39789
8514 33277
29452 26138
13085 22214
29384 18583
33505 15266
14558 23920
32894 3392
38341 33576
12552 33606
5160 35549
26008 38122
4480 30310
21797 21886
25472 8131
4099 16236
14794 7488
32406 2381
3438 12945
4664 18516
9004 32957
13130 20511
24816 14646
32598 30335
33103 1651
17924 866
17524 3713
35906 30543
22302 34397
10267 21262
14825 17128
8946 30974
24714 4297
18925 33819
4116 25420
12371 37370
24324 28895
11658 3743
29585 2832
36343 2395
24335 15558
17268 37968
7802 4746
5861 33052
29137 19134
21136 8584
28234 31989
20268 31700
26870 2098
28876 6132
9098 28872
416 23182
25961 37878
37476 15614
663 19175
12894 280
20300 9931
5870 30049
18184 39885
28895 22678
3531 30894
11082 6547
8556 124
13556 16745
39422 25332
9155 11142
29031 10272
33093 36468
14471 29663
39419 24738
33801 16368
1550 9337
9757 25401
26601 17702
7077 2373
2678 17440
30862 35637
25743 10628
452 39472
18665 18408
2791 21398
34286 9323
38953 11342
9043 34682
30653 33053
31848 16734
3649 22876
7603 2678
25322 2416
7934 21551
39734 13155
9818 23150
8014 4231
22011 24338
32129 12060
1021 4198
9294 3460
1750 23799
12114 11959
35173 26856
36375 25005
34152 17192
8219 33351
826 6184
29677 16157
14715 35543
23355 6293
34173 8664
36239 22965
37593 23960
11164 17277
38504 10461
10766 11381
16060 9937
24451 35995
22227 23573
665 2788
30364 23297
36593 6939
138
1866 32624
37882 8455
27435 4365
23665 37417
17872 37733
19494 13012
10492 6906
36550 8883
12349 4809
13639 29770
35005 27440
24398 3877
20835 36345
5153 10007
27827 3828
22304 21406
4183 11827
6588 15475
34198 8000
10875 2835
38319 25889
33750 13857
16017 35878
16406 35603
3907 11589
14701 21818
8947 33433
7915 3560
26634 10927
14028 14230
17340 30274
3877 20457
29391 39683
33319 24837
39092 29593
13343 7527
30288 25038
21379 476
3306 14787
33409 6599
7695 17939
6819 14332
13333 36304
10052 26717
29039 12618
23809 20725
29926 103
26308 3180
27375 35920
28231 19413
22258 23061
25458 21032
30128 25492
27750 38198
25293 2732
30719 10944
5886 17177
13166 15656
22774 1586
32306 31793
23572 19668
25370 11002
13101 4654
25545 20845
18202 879
23596 31775
18952 8259
26955 13218
24495 34950
23228 26474
29747 16746
30480 32549
9944 39600
35246 27708
19425 27996
699 29705
37724 6208
2234 7922
29644 11225
38542 1831
4995 37972
19423 28914
5741 30028
12070 31141
27367 12197
24155 14947
13238 16099
16178 5067
35978 18830
31792 18862
38537 32411
18711 2082
505 4911
8064 3807
36098 3249
34701 1925
13146 34650
20719 14168
142 33270
25531 27612
16276 20446
21380 20844
33682 19424
23804 32927
23031 30211
25884 31066
38178 32828
26573 36546
16514 32158
29244 3980
16258 16758
39311 16440
17807 29881
8755 11196
6387 831
317 4703
19634 31560
16591 23712
26067 6166
20486 13165
20982 29907
28831 37115
12245 24430
30069 34594
24053 655
17636 39130
21180 9997
21316 25690
32626 37548
22956 8736
3818 39085
17173 8434
33150 26859
23248 26887
26824 38261
1701 34349
2343 5004
17616 8125
233
27975 900
1755 29058
1652 28347
4222 35950
17346 5620
2460 26522
3886 3928
29380 19119
10493 27618
18564 26203
34598 24746
13748 18791
20188 25013
8728 35000
38146 17916
15784 5582
19622 32719
30653 21141
37403 7941
9696 15610
29359 23328
17931 21104
1247 10828
27166 27888
3001 11358
34338 39771
7163 8994
7379 20050
38802 33905
10138 36619
9564 25792
28525 6412
16128 30527
34944 26439
25526 8259
34722 456
21829 28405
23626 8939
9917 30342
32162 34433
29732 9587
31542 12576
6897 15475
36479 23598
34647 7142
3174 9370
28007 25457
32633 6740
1547 19768
15939 35623
28328 1898
23822 23229
19255 5252
31960 26221
6357 3475
7124 27487
30592 24302
38393 32612
9480 25516
13537 5961
33307 11489
31210 35155
38738 29679
11101 30166
38705 39795
35058 28083
27690 7972
39787 1599
12955 15320
20857 26342
27095 38094
12897 18102
36611 5654
20133 9104
8802 23896
6684 287
17283 3859
34353 7457
9880 12548
36889 18185
17677 35517
2595 10816
5217 19677
28551 14533
21398 4356
4181 29559
29704 26569
35519 13641
17144 22913
847 16992
7767 11521
33759 26226
4304 21225
32636 31250
4133 6105
21089 33035
13604 31582
9979 20971
4522 12577
32358 11536
812 37034
36523 19183
7368 27920
8707 4166
25487 4406
2059 10235
2400 39407
33933 24243
11590 18740
27408 14341
2008 5852
18213 31408
22565 24598
2881 25490
17433 28736
15252 21743
9312 32883
17141 33029
37541 27765
8189 3069
37668 34440
4616 5195
33395 12790
15484 15795
3750 1167
35026 36770
19585 10743
35506 35091
38466 24798
8880 23712
35702 17773
37186 23928
32479 26193
6185 33334
22478 14469
26613 12260
17994 21978
14746 38240
3713 35405
2219 31321
5516 17448
21901 21646
4373 18887
31236 32988
30129 39651
28040 12721
13199 2732
23012 28389
34888 20767
15828 35503
39564 32986
33692 7699
22783 33748
36862 20530
1009 38712
419 6098
4508 21286
8396 30076
34618 39475
18873 21902
37039 37489
29916 34465
38729 1962
10362 33306
14876 16884
6381 22819
34553 37761
21520 22577
17064 29759
4124 7109
3751 18298
27539 781
5720 18341
29425 8445
30830 10005
6675 25084
13071 22693
16780 13225
203 8474
34560 24920
9981 21044
6042 38029
18093 20984
34239 20180
23841 34407
29338 36081
29079 12191
11152 5723
33952 33513
9931 39664
8689 39884
34855 35078
29762 17199
36975 34300
7911 7266
22105 35329
37795 12375
14712 29660
17037 36570
14114 25105
14348 6864
22630 31460
21874 11263
12472 16762
22735 10503
27458 8602
3491 22712
22657 33589
20305 64
24348 13767
13996 27841
12850 10589
9438 20557
37213 34743
14310 16971
38851 32383
31685 18087
32337 16335
29738 14636
31251 2660
7313 24110
24561 7892
12590 24588
37346 15104
6156 11232
9088 12149
26769 33115
5909 9796
38597 4851
20688 24846
1333 13155
35921 37542
22312 7379
416
32300 29897
28335 16436
10069 32778
37667 22146
31797 3830
25653 35055
12824 24751
13855 15832
34036 21262
19085 29499
28962 38257
28823 16074
21728 27059
2197 23424
9593 35766
7133 22616
28754 28261
12123 29723
25689 1061
32872 23904
2133 7646
16403 1985
5923 35755
11554 203
9883 21489
24164 39041
38880 28581
14443 26933
26579 16925
15018 15391
21712 25237
26424 30900
13734 20238
34690 546
10928 6970
5552 19698
24959 19470
19396 3909
39089 19816
27716 27814
10245 33993
39175 12432
38618 34807
21629 2992
15547 12104
38695 19008
14418 39924
15482 295
5278 35464
32572 26356
6153 4036
36735 33436
18655 6337
3459 14066
23401 27227
7282 11183
5023 26220
26251 1407
6335 34927
11352 17122
2322 8889
9378 39959
14839 22377
39655 25684
2381 8752
3939 24252
26407 715
10578 23074
7813 17592
5882 14913
31038 7779
20721 14788
4575 34844
22023 2400
18159 15915
15299 8706
22908 25699
33599 36033
37855 28874
4546 9831
33086 2968
1049 678
30655 24772
31679 13360
24098 28895
3704 12016
22232 32777
14383 23939
4577 33863
2971 22468
22622 11805
2682 514
37167 14490
17218 16163
38974 13881
5091 13461
37647 6486
18745 12496
1255 28472
9053 21482
27370 36073
28793 38039
22831 37802
28851 33281
18119 2828
7504 29943
27294 31078
13335 17353
36628 160
39248 34510
11502 14578
24001 10992
27082 7783
25436 38426
22362 31909
20802 34198
16903 39048
29102 683
20985 29931
7403 26533
4917 9413
36795 33736
22260 26598
2391 2514
8232 34284
25511 12918
34893 8609
18000 5725
19885 26857
25136 1565
4369 2615
21139 28215
19456 16950
18415 1520
30238 918
27367 6260
21951 8349
9779 13010
25230 19419
7624 35663
30856 37338
17062 19528
1412 15395
30916 8378
14579 13023
29050 34447
39255 12100
21187 38693
33275 30033
25826 34221
1186 20515
30636 2579
4141 32780
34363 2091
15106 28975
14159 16071
11690 14981
11531 8240
22461 2312
24965 2136
26612 17756
33510 39760
17672 24513
37517 33587
8811 562
5043 15119
7774 8405
34010 32192
26469 2501
33614 25428
21537 6648
16296 10342
14790 20431
24581 36157
10011 39848
13378 21968
37741 28650
7799 33285
33973 2464
37195 26695
39408 16220
16223 10707
5394 17918
15297 11103
16482 19372
11487 11822
17915 2234
36434 3115
17732 7808
32833 13889
3315 7504
38101 26369
20550 26583
2834 27644
1132 20252
26811 19928
29838 36047
15403 13979
11809 26885
18144 9116
14723 3214
1451 22976
1455 11596
626 13815
29484 4778
19046 13627
10736 2560
21038 19910
7129 35707
5347 20509
35349 6870
13159 6203
5292 20632
17037 5558
22645 22905
7571 2523
19003 36485
23874 38105
12626 4707
39730 13741
17241 27415
38476 24773
17237 25062
38451 22625
7594 10259
31761 737
14247 14934
23261 16942
32431 25300
39373 38055
10791 37901
38556 39062
18933 24840
16665 34127
5981 21671
1839 7778
30261 35725
27764 34527
35940 21565
30327 15479
36811 38795
32802 1996
20836 1795
22526 36947
12171 32371
28770 38136
20288 37972
39098 24710
37298 6193
12771 34859
11748 22015
30562 35900
870 1023
3719 13408
27278 3653
21623 21392
39040 32951
20839 2707
4217 3219
1489 9286
6205 10753
24659 29872
11699 27159
18325 12892
3682 30523
39489 8127
5591 21009
242 16331
11941 22091
19304 1027
15005 19621
5336 2811
5861 28386
35167 34747
37019 6432
3844 11420
16043 15341
37430 12198
11298 14187
23113 26000
25554 30603
39282 5532
9763 33334
27701 21318
33987 25663
675 3163
22509 8760
12418 6707
37247 27587
23480 4764
18446 30492
25323 18774
12271 60
22550 15238
8068 12878
5257 18792
35136 12722
32454 8961
18007 9340
20852 31689
36766 21151
28602 16810
32795 2524
12342 15714
13609 20817
31950 18728
26045 32676
17238 3083
7383 22798
36950 10693
21026 3383
26001 22265
4405 15392
15445 37703
19477 18767
34742 26574
16460 8253
17815 6194
2276 5266
23424 28687
33109 32385
15726 7957
10970 5594
21937 2390
39122 33081
35111 23288
27789 30829
33828 1845
24450 11525
26740 19379
13426 32988
39806 32220
33801 3633
7075 8837
26544 1510
12448 8669
22911 13141
20175 19135
17533 29908
25338 8582
15421 21777
4198 5347
1903 22803
26931 19869
33153 30533
14855 20368
37768 20979
2166 33108
33664 33661
4058 35696
4671 17293
28687 768
28178 23679
19696 29475
13375 9217
24593 29231
12645 16895
5678 10244
20137 37880
22651 34702
29964 23169
35997 15250
21788 34336
10215 24379
3883 37969
27697 6226
9692 26739
9136 12948
39228 28309
26507 21977
36326 12424
24805 36383
1943 34629
11951 12750
36149 4163
5940 16394
21489 38264
26359 17873
16410 36058
36573 29650
30629 18644
24650 14415
13110 31105
36875 34799
31640 37813
8514 22373
10328 34991
34327 27430
12581 235
33870 9617
27885 24907
31014 6297
37034 18362
6638 31696
1435 3336
33018 12246
27756 13557
11449 9148
22766 28262
16373 10979
20184 16233
14599 4321
8942 24453
39218 34810
30925 4042
29640 20884
13804 26635
32720 21646
4476 21183
30253 32170
36877 36938
23602 28407
10045 15184
38446 16428
1716 15698
863 1992
168
32920 28129
12659 36184
39737 4192
30833 17451
19636 30035
26413 20806
7644 4066
20645 39460
1530 25992
38480 29293
23689 35373
23245 11821
324 27842
1039 10996
22981 37451
20939 11599
25214 19846
37126 11235
666 26025
32840 12245
6756 38025
27729 16971
6234 22174
33694 17151
6135 22656
2062 21571
27866 37620
13623 24314
34194 11285
6635 16096
8844 7697
5619 34253
5163 32467
34419 31059
29679 20468
8082 673
15250 26822
27217 33587
19082 26656
10639 18373
18666 211
39404 29114
10688 21036
35872 35394
18709 29054
1843 33962
37721 9676
19220 13
14926 31814
17813 8037
35112 7356
7129 37971
11668 21800
2586 20231
35540 9303
5038 3772
18474 483
13820 20334
5484 36901
7983 6521
15605 2624
23057 30280
13799 32331
8995 35598
21475 19277
29884 3907
19784 39112
14565 14107
34369 38416
10029 14752
5983 30831
4644 9138
16747 14
33116 9078
1586 38691
36621 32269
27196 13566
35915 11319
28898 29536
31413 33537
20053 33544
23220 26364
13152 22650
22644 36073
5866 18627
1054 1624
11775 14682
3197 23010
38631 15608
6700 19782
20600 2036
38152 6815
1370 28463
30977 23629
22718 5126
38392 23178
27651 2582
9666 36522
38775 1434
13160 11556
6432 26665
3821 1654
8320 33876
18511 38124
12536 37713
29740 10723
13470 30157
28640 39496
34286 27593
11016 15879
28334 19027
34756 15239
2322 11178
27586 39205
29144 18211
2205 10702
34788 10410
23554 12547
32237 9651
17889 9510
26524 16081
9592 25192
7808 34122
334 11831
15246 27927
21370 27422
27001 14555
27881 12254
24820 35847
35443 1934
2884 28574
3267 23774
4749 17221
91 37363
34170 32779
14030 33911
31357 12338
19495 11038
20305 1414
31008 15265
1878 16340
32433 25132
7014 31951
10311 9710
18402 36896
8916 25316
2480 21777
6851 31232
39654 15855
2294 11862
8896 32334
32662 28030
35009 3546
34766 24747
37651 30574
33690 26807
34251 8127
4608 19682
19907 11548
20121 19312
36516 7701
38995 6762
21438 26799
20562 16416
17096 16759
13854 21676
34294 31651
39510 27637
349
9734 28285
22045 21799
28211 30625
20884 30315
1395 29176
3123 3075
23149 10130
34796 37736
10284 18403
4955 17864
22636 8911
27771 38373
13251 31310
36089 13927
19908 12101
24943 24677
4706 37748
22072 16612
13679 29035
170 56
22904 7996
13356 17545
5003 25641
23343 26995
18480 18182
8736 35635
37826 33116
14776 8125
33294 27110
22121 20229
33688 25088
3306 23266
788 32749
2039 3778
31272 16373
35016 21797
33288 37736
20527 33085
35686 30538
12929 6126
2026 21081
24121 36268
9715 31666
38537 8503
39310 7258
22186 17554
33533 19211
5007 19311
3863 25954
7495 29636
38926 22212
2538 26279
18071 28732
3833 4161
32007 6790
35658 30557
6572 19524
30416 34708
19820 28817
33144 11982
35618 17080
21073 27906
5983 3602
2222 31822
22398 17409
20964 16165
3424 4764
18851 13120
38475 5003
31548 31796
34569 1986
20583 10878
9400 11814
34291 21076
9241 35676
20870 15013
14592 12369
8425 35050
388 8662
32056 36686
6479 2236
7683 1930
32876 7004
21829 34744
6763 31766
6080 13029
16500 26929
36825 21703
21344 30838
18979 27391
6913 920
25065 22228
22515 24809
26555 30335
36187 37323
12529 36177
1579 12654
3783 32255
38661 9083
24866 9511
8330 8966
14411 29655
28236 1578
32438 39745
13102 24482
34772 18888
18725 29885
17189 32611
31681 39637
4691 30471
15329 457
19591 25777
9543 15217
7500 10856
35819 36442
8083 24270
7839 13488
29446 30228
13554 25473
34260 5390
32551 8615
17438 4687
6577 10487
13552 20409
22127 2689
34197 39560
39108 5752
39667 18663
3878 38076
36051 17176
36720 11035
26848 36318
21114 28022
3132 11350
18783 27903
5061 26180
11685 14925
19941 34629
10060 10477
20168 11716
29288 21300
29984 2291
15795 6075
28351 26458
26685 18816
38848 34957
38744 25278
21497 28950
20746 31765
19342 14039
26214 28653
3834 32327
12105 11598
25069 32175
6730 35105
2683 26992
20484 24095
35081 423
16775 884
31481 9582
10129 35476
30435 23194
36188 25260
30707 13318
1866 18998
8582 4253
20159 39135
10005 320
29453 6682
1568 20017
2560 3980
26407 33328
15341 1715
30745 29623
1148 13584
38383 10430
32799 7185
2025 34624
1990 16347
25568 3194
18370 34611
17186 33982
19781 27184
20949 9939
6224 21952
18874 4473
15934 29318
27060 10903
28100 38553
2739 32838
39019 8784
17424 23258
16365 6554
9706 22714
32279 25794
39821 28287
29093 16873
16684 30454
18401 24918
23706 23189
18012 26532
9973 32633
22145 14479
18981 16325
23168 32121
13045 25929
5630 31474
34411 23635
29340 16729
2785 36191
31508 38499
37427 10421
2861 14438
32313 25833
39598 10836
32680 3648
33998 24402
28780 33539
7879 8752
25492 39689
19075 25816
21154 28866
54 37443
30748 5010
19447 36000
5175 24114
11967 21151
30746 13998
34273 10874
15453 10457
31779 19035
29918 35454
29619 25667
9317 8358
39111 39653
3096 1337
5285 27512
10817 38041
28423 5513
18017 14770
27105 19673
25490 24347
38013 8932
25320 21966
11277 32761
26580 28090
17355 22959
26492 24970
33466 31381
19054 32157
29073 4903
16079 8651
33029 36060
14864 24070
14450 10003
4125 3138
15252 22619
8588 4776
8163 39397
21775 1647
28562 39840
8528 36408
11652 1463
30366 34338
13022 21814
31460 35147
19073 5896
15477 4085
37627 1390
10019 39751
5465 10320
38008 15640
34946 28957
39347 25278
38596 29639
39795 31831
37607 25716
20758 5903
18858 23643
14312 32394
32444 22022
29898 3189
36665 26300
35775 11859
38444 25535
9671 32744
39021 230
29893 28661
2280 26845
28443 17343
25422 33268
7266 89
39659 16652
13072 36065
2462 13533
17670 12086
36480 17746
6144 34496
8171 3086
12901 31264
35598 36600
18990 21106
26446 28182
29909 28752
39671 1577
22557 1666
21537 37597
8070 3337
23280 27936
15781 3940
15388 17761
7555 38611
484 23311
24994 18199
35956 12402
25677 24682
27880 13822
32065 24994
17505 39717
33113 29548
20418 23680
28496 23273
20953 32277
34210 9266
5119 3655
8450 3153
5624 16373
9610 22270
24293 14333
29936 12880
39981 39490
30147 8054
37181 27898
20355 1897
12993 27281
22512 30360
37225 18200
15140 16858
15631 39203
33144 11134
28306 35025
27916 34746
13072 2973
7859 29715
10139 24489
11905 21293
26779 2141
14637 35268
34332 25058
316
15868 17251
564 13800
33922 16520
25879 33094
11563 4108
12949 6047
6569 16322
32359 22038
33005 24241
29904 26707
5007 27776
19527 2006
27810 25769
34473 30256
18930 3126
998 4593
7775 21591
23086 33313
28931 13651
5050 29123
5649 9967
38359 10177
3223 30164
34426 30998
28468 20712
32921 36492
14291 26229
9420 5281
7056 23457
6552 32264
38241 34607
38846 6204
25041 34560
27843 34578
38362 12506
9711 19440
14408 37903
9920 18162
31122 2261
12362 26706
20126 30575
3432 36072
10032 33325
16484 8421
9383 33894
7321 11595
36750 23262
27006 33532
15662 35793
8764 10395
24564 4442
8615 25738
22094 5481
37532 34862
33273 10242
15474 24787
2883 715
10788 17025
20484 16188
21297 15784
4923 21094
37909 1436
20268 2425
30293 35871
36737 26237
2596 2793
26313 31934
33650 22523
2900 39831
7990 18253
24430 8420
21200 38873
15451 21342
10662 22425
33862 5871
13208 34418
15998 38662
10245 18395
7260 17855
4623 26562
22242 23394
22793 16277
8264 19190
29571 38977
10465 33614
19259 14987
23750 23821
35321 24915
23724 4403
27259 5637
38952 35319
35592 30764
28913 31653
33332 1875
26963 20638
21380 9486
17213 11487
13019 8187
26638 8981
38712 18250
37455 1085
9726 7077
24339 18390
26729 21927
2769 757
31207 16746
2195 27172
1048 20310
20526 20267
14217 27453
4336 2624
22759 7512
34461 3699
9207 33660
10699 8791
9122 29375
4513 12768
18978 28924
13179 18554
26750 11882
4364 4429
14006 1338
245 1095
16270 29857
30521 35153
3653 4142
28886 20304
7532 31129
7353 3351
38817 16964
13249 3176
32826 2812
30839 8813
16459 17009
20341 32013
27453 35778
34413 1983
13357 3836
35474 17681
14497 21908
33728 18900
583 29688
37734 9675
26452 16126
21371 2847
4183 17347
31913 28687
14763 18327
37749 30568
29666 25432
13388 19951
24711 803
29788 34867
38193 1019
22557 5550
35712 11427
3522 13964
30954 15164
33404 32110
7364 31886
9630 23766
7608 16646
20256 16259
16351 22814
5090 7972
8768 22300
818 33470
29665 28739
7764 21757
24262 25994
34743 22750
9448 6677
12038 35864
370 148
22564 33020
32237 38539
573 23592
3758 35083
38958 5623
7942 17631
39621 14386
14107 25129
34394 12726
13755 38457
29316 11428
17432 7079
36351 18656
30454 7959
35017 13071
3772 766
24021 24460
11215 15530
9784 11762
27429 16090
7432 34928
19335 9712
37891 8693
10685 19051
19434 20178
34323 35806
39714 26396
26766 7613
31181 22769
10491 24475
20699 20049
5934 37155
11654 33605
25629 39260
12205 26002
34401 33455
28159 37134
20424 23365
22574 10921
36204 8568
2670 6589
21390 24221
26626 2499
12240 14163
11001 4768
12416 6528
709 35705
24009 30073
13720 36410
8971 26735
800 711
24770 13061
29387 31446
31339 24430
35725 762
39400 29755
20669 8462
14797 16889
24719 16709
29073 11796
39389 14877
15617 3581
16249 3559
37249 24711
9347 1687
1857 28496
5862 27136
18778 35164
30992 7555
31743 14472
19350 11455
10456 21876
27510 27018
18838 28068
36753 38956
3941 36014
14921 29900
18827 27033
18650 26803
31146 34102
1434 1463
13929 14568
29747 14631
9961 33195
9544 36324
24687 15555
123 4218
3464 10972
459 16298
18000 32219
17044 23223
16603 29531
31361 28033
25980 25168
35534 26335
16869 22284
28717 5138
25720 1212
10044 4392
8892 27736
9197 39729
11295 26943
7375 3454
4532 39110
16025 6435
32375 12732
6055 8355
12222 6114
36101 17940
36671 2600
20348 38926
7478 30902
26259 14259
23540 22102
35060 5987
24654 32918
16130 994
39343 28921
29915 10511
11667 37347
27331 33598
20094 606
24203 8247
25584 18537
32914 31515
8897 37182
29265 30428
10006 9616
36048 11964
22870 2102
30791 10650
21992 29927
9421 2333
28025 33421
13095 34268
37325 1219
23070 39751
4120 3386
34619 39441
21516 7577
33822 16983
26505 30900
396
22262 6846
1380 25353
9343 4126
6380 31407
5128 27794
10267 20030
11831 12449
3310 30316
21073 5196
6477 38881
24831 31034
38603 7986
10967 32468
9412 38903
15017 22362
5324 13805
29519 39462
12398 5079
272 13926
33432 6936
19768 33062
28073 18040
26022 30433
21492 13139
17673 30001
11745 16437
22226 27319
15331 17395
36071 19861
5362 27280
288 31798
5493 14454
28583 32652
2655 26790
22078 7879
27801 24162
28353 19933
23381 30561
15901 36153
16215 20683
16807 10322
23411 35725
38746 7330
5389 39526
22501 21715
28271 9100
34500 14391
20163 26047
36680 5850
3137 11474
32402 19714
17731 37756
23612 9752
3179 7935
23897 32781
31018 26946
12481 35830
4374 17898
7166 19256
17362 14740
69 22106
17881 19445
34247 38980
138 19964
34045 23662
5771 28366
12757 19278
33175 20729
36626 6737
8224 14088
1505 31711
27885 14819
4966 17494
15209 14075
31429 21636
35038 27180
11079 15587
9925 7438
12079 26842
13008 36781
12535 26138
1247 5808
20327 497
28604 38062
5527 5636
13683 5180
39270 31194
1716 307
22272 14764
5444 2300
1255 30003
20745 10548
21661 8792
22026 1273
29248 38221
32190 83
10115 29771
24910 39155
14610 33990
6844 21754
28417 3065
24806 6028
35330 17987
15664 7732
33196 4146
4386 21062
29435 5329
4018 39577
9638 5515
26724 18693
12407 23249
30493 38768
35940 19280
13356 8730
32902 19472
6159 850
27514 12659
39599 16686
7631 33458
11274 38507
37850 17158
34811 11512
29318 36064
31453 26548
13427 8548
856 36271
34443 26439
1477 16216
37077 11280
473 14382
7123 35072
35629 34988
5487 31210
14215 17911
31426 28151
21919 24495
18345 31060
6022 15904
20500 36971
30685 7167
24353 4777
8090 31002
24686 24600
5545 1608
13542 22734
21414 23357
12688 27688
12724 5524
3927 34823
8722 3826
23584 7002
33241 7956
38952 35722
8790 19217
935 29010
9477 2096
14802 19857
418 23572
9402 1885
4633 28861
8037 12401
29747 34851
18539 38186
7382 27168
4106 2658
28387 33449
35763 19961
29997 24657
6325 29783
628 18183
21674 28895
18479 38845
18032 23915
28084 12742
14224 3009
480 22345
11094 18608
30189 12176
1676 4912
38779 10007
29659 28327
526 34487
12379 17481
39626 7578
6036 5969
34386 8199
28330 15764
24521 35215
27429 15199
23725 34491
19713 5437
31546 28168
30150 21704
25840 20793
12955 25138
38609 21366
16567 16135
21508 12693
25839 16229
39447 39568
33795 13973
37886 6408
34513 6134
13342 19001
39098 24736
4552 10043
36505 11594
30424 18109
2298 22198
8440 32083
31585 32851
11784 33336
24404 11682
22991 27844
5112 23623
19439 13408
38318 26804
8702 39954
25314 33373
15239 19247
3527 4405
10203 26446
26973 4248
13004 18611
8927 11246
23285 15584
14756 32659
38409 1793
18528 7603
35418 4072
10660 35742
32317 21564
27077 26242
23189 4070
23716 39897
12338 39055
11817 32762
39808 36643
22865 21841
21232 3234
35608 31098
3475 36057
38317 38950
20417 26918
25584 20172
583 25536
7363 20407
14046 941
25240 5717
7532 33146
1139 31733
2149 13526
34145 1055
8789 29147
36887 23410
18563 11338
21023 39631
14827 26669
13938 27465
2220 37092
14333 28092
25155 17198
27154 29531
37535 31418
5228 23278
13374 11301
39192 11567
20671 3647
32398 36439
19876 10695
15046 20211
27776 34205
28190 22781
19807 28678
12454 34501
10221 16030
30610 26375
33587 9560
12451 15059
4259 32590
32390 35903
18282 33184
34159 9938
33322 9004
33431 18564
33755 27279
15476 21300
22884 10466
17563 196
33543 24373
35714 6584
7013 27229
7779 5241
21970 10374
14576 15964
18005 23975
36330 22213
33659 39194
29872 6893
4149 15750
25684 26906
32181 36412
28584 14046
9195 3181
26467 24649
2343 26658
30878 20063
38573 17753
17523 31579
14427 7026
39867 11548
7870 4436
2539 28206
1941 7104
7729 30081
15019 37820
29731 19405
30359 2475
38681 32787
24367 9827
34007 39779
10310 9328
18501 29181
30368 2666
18202 22081
32049 9971
39244 1485
19150 17640
6012 1088
7647 34396
8548 4070
24322 21473
31068 5578
13399 25118
3543 24154
31412 32710
7555 30370
31103 32215
9430 25949
12682 35418
28357 29568
4085 22033
2299 32748
2886 5359
8339 15785
32087 36995
36418 26571
20460 36721
30969 31405
24546 11156
11687 20771
15109 35609
21507 35515
8925 8686
12211 29664
25541 8533
21227 31589
21324 25852
7092 6336
19849 5253
21596 3449
20510 11161
27783 1639
29560 20958
22961 20170
15218 15032
25334 27255
21265 32003
14490 24991
6073 13181
20547 38243
4262 11234
34592 37295
36362 36117
15076 5175
23707 22889
22239 26733
31311 16031
32502 20952
5199 7234
22277 25252
8644 29405
14410 1923
36688 7358
13094 13829
36783 34723
22006 10178
10287 1287
34921 34749
32835 8440
7853 21997
19905 33798
29813 39088
3717 17292
1513 14794
18333 16352
350
21733 37478
30022 1327
11412 13769
13014 12147
32087 19124
12798 2418
27067 31287
31998 31970
10252 31587
22195 31565
30439 6475
12230 32628
15659 10234
542 1426
1316 17780
9134 2759
24343 19863
13888 27247
2406 28111
19163 33156
33916 7450
4547 3524
9214 24226
39192 2608
14899 34602
11911 11482
2977 17766
280 803
36705 13999
22316 36493
31732 32498
28302 18034
30529 38572
35282 13662
34470 8627
20130 18542
1161 33664
6498 8830
8747 18887
38866 3759
18359 7089
10837 1510
10137 29223
1384 19928
21086 39620
34036 36460
30846 20054
3940 10152
34420 18109
2632 2838
24978 31776
6295 10528
23917 26906
4710 3203
13167 20320
36358 23219
39500 36426
37210 60
27720 37293
30547 18793
26865 6712
1512 20133
1558 20339
19118 14752
34054 10584
27909 18907
32585 4244
30710 1107
12832 8794
29669 38120
5854 19948
39499 8573
19611 23431
13481 15056
35375 9332
6905 3490
18997 19030
21146 31476
889 29298
13055 15986
27798 9896
30079 478
21315 32018
8507 21618
17119 1763
8385 12787
33249 8695
37734 4527
19819 17541
39845 8004
14111 4194
34561 15157
27905 29033
9492 4408
25646 22424
25637 25399
27607 30483
2583 39505
7618 39435
21706 5964
4907 39185
29847 18343
14267 15936
14962 8022
7463 39504
29522 15845
34158 1902
30219 20330
18575 36760
9226 9760
29209 12901
1980 36302
14122 39381
36678 2055
31745 7597
34607 34982
18025 11274
29157 20972
14947 2196
21472 18558
16905 26611
19280 25603
3832 9257
10857 9433
4416 16962
38396 13625
7532 31684
3666 24046
34545 39967
3058 31857
20827 1685
11814 16365
16801 1461
18477 15082
21875 25013
438 39155
26765 7137
1420 11677
35803 13160
3369 24469
17408 35092
33423 30385
22616 22142
38423 31165
26227 21158
17047 15265
8691 4368
32867 19279
16493 16465
11141 17751
7271 3257
9925 35031
7499 27119
19156 6276
33112 34422
22664 7002
1903 9227
18867 15165
8406 5560
38795 31362
26125 17326
28621 20329
17242 9825
13063 37073
4948 33155
27028 4602
23271 1701
12438 10105
17384 35206
30770 17449
38453 13686
11849 29845
22252 32901
35878 34332
25333 8731
10698 15230
23312 26471
38882 12609
7453 8529
1340 16775
25618 38804
32317 33349
26052 10331
13593 31848
5118 37018
26082 1490
30591 3401
23903 7285
13554 252
38778 1121
4537 21445
14898 25493
22117 35856
22878 6294
33070 9179
16443 22085
11620 8352
36021 6921
988 21605
15425 17155
6712 12473
13506 12382
32778 7745
32492 30293
38362 18398
34493 6161
16851 4305
8791 24461
4768 13041
15864 31125
35179 9216
20622 31235
7213 7124
3704 13485
15174 5901
13260 15065
24732 31909
36717 29558
37334 25482
5585 3228
32445 28233
15560 38440
27206 13325
35598 14356
15449 7109
36822 31292
17521 35452
27830 1556
11591 35504
36911 35347
17658 27612
27085 26213
12729 18370
2747 33075
36222 16755
14944 15380
23958 20922
7443 17560
3469 35605
22226 23318
5837 900
39175 38497
11886 25144
23721 23622
15258 31499
37551 9671
16464 39568
26581 13931
9848 5950
17599 19204
39984 36537
31883 29433
15350 19559
21935 11815
31351 20038
34371 28900
5202 13903
1953 33201
9521 33448
39290 33544
15572 37801
37159 17855
38872 28851
29395 30955
7890 13509
12235 574
12780 23354
6163 15582
31158 12767
31463 31218
30282 23755
25454 37377
13625 36366
20955 12297
18963 38432
38554 3519
39440 7597
34288 5951
29081 22744
8922 1831
33846 27539
209 15239
4439 9308
28771 21187
32994 35766
16391 11461
13394 20230
37181 19248
35874 11191
27505 12419
13084 10665
25151 39402
34090 9969
10361 18098
22999 37330
31497 30667
16282 38499
9132 30164
23076 13161
22766 24053
6474 30864
5204 28966
21527 34851
6200 12175
27581 9984
30538 18993
22627 14073
14959 19067
4745 268
30771 3857
21574 6766
32976 16701
23112 10447
33727 5419
632 3892
5242 18961
30381 11306
5418 34964
3792 38509
4394 9621
22431 32408
37649 28547
19193 29823
19519 10855
475 7732
21887 27035
22326 6438
12774 265
27075 5206
15683 27077
23397 16994
7571 26903
8225 26643
17996 34881
38868 38789
11422 3246
29134 7228
27287 12555
10702 19911
20441 25930
15361 9829
39500 23973
12713 22832
33228 4274
5469 13837
17561 4149
31458 15715
1187 25308
25322 35068
39168 39083
499
32342 33660
27061 37030
31268 13253
6309 2518
34702 18816
19157 22040
5771 18773
21319 33017
38749 24110
11363 33526
38329 1739
9105 12313
23237 30058
7668 9344
4599 13246
27751 23569
18720 554
16063 28193
29748 16379
25485 26026
11454 5202
27465 14757
38694 9254
34607 15394
11255 11361
17630 26845
14193 3229
12153 15036
8487 33483
4429 30711
29824 15763
29769 24643
28849 38019
9320 4304
6928 33508
16612 23742
31121 22892
5288 14231
9111 37820
24261 37934
33676 39016
7668 34163
26364 15237
18801 4404
23229 983
32437 27402
8961 36629
8242 37427
9506 6984
20589 16079
6684 15414
18277 17022
39273 31131
12162 15250
8249 36604
37937 37021
7788 10318
36459 13125
29171 31885
2946 36624
38288 23124
20060 34078
17816 39534
36433 10303
38786 19210
4935 22049
2636 29900
11639 34083
20389 28378
12557 13160
2489 19017
35092 3704
14687 26763
9600 27105
12389 13379
36537 6717
33706 26367
10987 29983
15505 6016
25394 38133
15649 14349
5374 32160
16801 18161
36226 33867
22708 20296
39311 1221
10533 2588
21084 32020
4274 22905
17588 24048
30336 15596
39555 792
10852 5336
24471 18119
33501 5436
19292 2185
28050 15464
24432 3123
1893 29897
37537 31433
323 17533
20202 1441
20169 15169
21933 31390
31075 8855
23562 13790
1719 30853
9789 35405
26460 34043
30579 15164
34612 35511
8527 12277
39271 4463
37702 31937
18378 24396
27817 28243
20967 10082
36920 34129
27977 15754
7704 4929
24759 12398
9435 10260
7777 19453
24666 2675
15486 30548
21230 22215
22107 37890
4475 33024
29447 12345
5375 28972
30784 19031
22391 22810
6927 26950
27979 15303
11980 11279
3907 4245
17218 13625
27323 32854
25114 35150
1080 3754
38860 38958
36023 29485
11192 7474
39593 36853
18266 27130
22019 1383
22783 5721
14676 16906
11512 11972
22589 4997
28756 19401
32560 8835
19584 2285
454 8967
14742 28289
24613 19707
39809 38623
8296 27370
28838 9226
4288 35354
12004 34775
19706 7950
5829 29972
33361 29959
2564 5850
13370 23670
20169 30797
28288 5608
27257 18479
2402 24727
10270 39040
159 7984
34380 8451
15771 19870
23987 14467
16505 580
27407 16480
38554 29217
36919 39087
7705 18343
16841 22148
36110 14060
33681 23402
34602 16721
14498 36686
34308 18217
12873 14470
28164 20884
21064 13067
19015 20729
28295 20316
36044 14059
4244 25791
29022 26293
30553 32778
11432 28555
28080 25354
23659 6011
3007 35425
26165 7427
25498 26546
39487 36323
34821 5727
35269 8256
31587 27593
26539 14656
31980 3261
159 3375
19302 21947
31883 32332
15411 483
17544 37171
24569 1024
27997 37004
192 27298
22375 36204
35078 30936
12302 6933
37346 32258
36516 18317
21214 20505
4368 31274
20582 12498
6816 39531
20577 37550
3155 15398
19995 11789
22235 18336
34059 31357
10881 37170
11399 15558
8253 23692
21378 23487
34985 22256
25533 1779
35289 29071
6739 20157
1161 33400
4209 17508
9800 6593
29198 35095
5014 3836
732 27945
35150 10697
15786 10249
9534 14209
17310 20267
7708 6689
3883 34135
10182 12603
16890 12166
3125 28967
8270 28059
9553 16145
13976 36396
17934 2710
21716 35347
25225 3332
8978 3836
5353 16871
15677 30894
21860 30505
21178 24842
38191 8856
6282 10530
31868 11429
3766 13006
23332 21869
8306 15299
38809 16882
29465 30818
29091 36658
21469 6223
29153 36850
29752 3795
2581 32894
39378 2710
25439 25099
38419 6469
20858 23882
39044 7017
15790 25138
8546 36716
14996 2780
37465 3866
39966 669
24481 30108
8296 35887
18864 38970
24295 27724
34560 35945
35823 32702
32179 19588
16748 24446
30562 5019
10327 16492
32664 1282
13696 18112
35713 27376
13584 24106
5005 3917
15541 8494
17111 18014
29799 37812
30938 21327
15675 22236
33620 38900
24794 4423
7600 37166
34266 27737
23771 498
17876 2596
29736 38979
1830 18954
3688 5017
28520 26103
35738 19093
1799 17545
8164 16736
17171 23673
5323 31692
27928 177
32837 3384
27314 38902
11551 35174
34936 27459
3302 14846
6924 39955
19797 36376
26793 29392
34623 28077
33296 24873
39401 23024
21090 26999
25098 31502
32660 31838
764 12454
12940 35427
8296 17057
36804 2484
6479 27073
3000 32036
20182 33002
26111 39670
22338 18976
32492 7057
8710 28482
25405 38917
34382 11420
37534 3995
7651 22047
13730 9409
23116 13315
37994 16260
8091 21234
32274 16006
25305 21013
2661 35601
25007 21136
14392 725
38192 3118
16594 31626
12568 9520
22672 24891
12816 36406
9876 37368
9349 28883
36361 25213
35703 5350
17532 9826
28871 35818
15418 36029
37889 3768
35709 3635
8879 38427
6898 26105
10930 3602
12769 35478
1331 8633
2345 18840
37064 28436
11192 14550
5228 632
22289 17322
33800 17606
26723 37403
16982 24852
1570 36863
9549 7639
10584 16523
28107 1292
28797 34454
22228 9824
3166 39765
24665 9826
38539 11569
12049 23652
22841 20660
22008 29767
29643 19911
17627 26306
34703 11358
6180 19789
27282 19655
12750 14153
19462 4682
1610 20182
25570 32971
25140 5681
39423 37378
33099 13567
11327 23765
32463 1699
13430 10669
7849 1643
4297 19537
29600 8736
19512 17836
9936 19843
39278 24278
23486 33798
24469 23207
36310 32873
4893 6853
25466 16368
1367 3151
33502 22346
15860 11277
9710 17231
39722 24996
18588 7656
34193 16160
29258 6868
10590 38367
6680 12558
13784 9552
22315 14052
25804 12712
18863 37480
38112 25662
21761 34987
22707 34685
11597 14818
36401 28104
1461 24842
8033 37867
1333 28777
33848 28546
199 32309
6527 35890
30401 31149
14188 36080
2700 14484
5686 14624
12833 23379
28883 21147
12916 19109
20013 3879
32848 30986
28206 10462
27418 35811
7496 29702
20798 29853
8272 25010
16387 21249
29577 24697
33190 9662
7282 14538
37344 14176
2779 39394
10145 27324
29347 12439
25939 33410
30291 6840
16359 36772
15338 15796
29568 2613
563 30652
27499 25990
24132 24415
38334 27998
9160 16935
10356 25585
28964 12137
30801 11293
35419 36357
13345 31109
35981 3291
4709 36002
24686 25471
11626 36640
6901 33213
25047 29198
34881 2030
34888 25863
23156 14540
32868 7747
2826 18655
7899 1521
94
3751 14671
18584 22060
12809 1172
1076 10569
38348 16515
3995 36267
13828 17540
4080 34908
8350 10712
10959 33636
16498 29394
7071 36888
32925 31364
22827 21988
913 25175
34068 37594
34472 21948
11919 31747
35054 35769
3078 16213
38635 19445
34797 36621
20484 16279
4330 23857
16375 22807
6709 2038
34557 16021
17209 18252
35219 36525
3019 3938
9312 15843
18956 37405
35985 25866
15684 19010
16892 13179
27155 11427
24865 11246
6792 5601
36755 23722
21839 34088
32198 22172
20868 39017
914 13661
7408 17105
39772 7145
29194 34002
16609 9035
4691 9013
22912 25793
13421 11488
34836 1593
25875 23602
3115 25773
3394 3371
9905 13843
27775 17660
33528 9273
2132 1686
5071 31910
16471 27007
25674 34515
25503 12981
38775 38624
3276 29177
31405 12102
29273 1624
8901 13358
14695 22858
35475 34127
8077 15420
24267 13664
32024 29892
15359 27263
17852 5010
3734 39265
14890 147
32860 24772
37197 16364
14237 16447
31863 2907
17404 12273
18888 986
37507 4080
15269 18101
2720 18874
38060 8814
34303 35657
24810 12843
4610 25276
36744 12144
20174 24722
7309 25998
38624 29136
2843 13845
131
27171 31033
22058 37530
2648 7307
13255 22776
28630 28705
34021 14512
9485 35981
38189 5638
33935 30187
341 4052
26310 11005
5087 38486
38377 16988
34513 11979
14565 14573
14251 4366
12858 7134
3444 12251
826 6832
1652 24587
677 22624
2519 39135
36833 25206
13564 10672
29208 14372
7407 24404
39225 28234
3994 29101
14236 4105
998 32651
21637 35299
1017 2315
31651 13179
6322 31121
23924 15228
30853 14122
33165 8087
4208 14924
11187 36977
6479 32564
15822 38611
12166 8933
39124 15969
34667 1309
6981 29140
4313 18432
34959 3782
14243 6992
30879 24958
31814 13756
38247 17195
36273 30560
8820 13753
31194 12267
18469 21680
23482 21905
37250 10848
16098 36617
6327 36902
37664 4479
11003 16112
19917 18361
5413 140
10121 19669
37487 8351
2507 35276
19298 1458
34252 8466
25548 10953
21254 28557
3336 12647
12301 29312
1546 32385
26676 1605
12997 21134
1214 12831
26962 26511
13547 834
2292 1974
1641 30624
29391 17552
7210 28476
35394 35911
1254 1585
4361 3897
20526 25376
27638 33214
31329 21854
37499 9876
2439 32397
13483 5960
6594 11406
32247 24624
6589 6391
23651 12137
23888 13217
7779 38719
4011 16161
37085 11663
21605 15315
34539 23421
24072 7187
32063 3282
15934 22813
23531 30793
5158 21886
36062 8968
20705 26844
19814 10972
20506 19530
36121 30743
5360 31613
15339 9970
26344 954
37962 19126
7233 32293
13806 6439
25112 22525
39257 16797
3945 29400
10537 8004
4463 11882
30442 7922
26069 30390
6690 28142
20613 11693
37155 23485
14170 243
13490 17566
7547 9209
35088 36305
373
36609 24390
7681 35150
26234 32333
32846 11489
10561 22581
26846 14424
7364 15609
4339 17713
5652 21258
3016 33021
12308 37205
12780 5402
36854 30126
5988 2996
36229 26483
34789 10926
6494 29778
39317 31952
23794 13669
10818 8131
1908 16182
5905 1393
28734 20639
4045 1937
37378 20899
19985 32872
10973 11397
12584 4947
34329 11476
37457 30434
19952 33076
28219 14060
5918 18782
26916 16638
38659 24307
30226 2797
33416 11882
35274 9382
8415 35259
13631 7160
1573 778
26590 38814
9581 8600
36097 12994
26095 15319
21144 14735
32479 24238
7549 21241
17870 14950
36492 35306
205 792
6059 1826
13723 29646
931 24815
12122 14751
15724 21772
32778 18989
19613 17232
7081 8682
11012 33903
12334 28091
37878 24157
22171 12650
20272 15112
29808 4173
13453 24248
37523 25195
37168 30077
23847 19899
16219 39583
34035 27919
37248 33907
18399 23617
25425 22773
28026 11086
37149 12197
22470 4412
36384 32113
18104 19205
13689 14704
28440 28675
16841 8089
24264 37590
11351 20700
2770 9959
28866 28128
6030 24916
3152 17491
13634 32188
4687 37919
36479 8566
27109 4643
3932 2500
38168 4442
5514 9147
36445 900
22619 37148
30926 11876
2500 19527
19339 35478
29436 22798
9543 32514
37518 1640
37257 33444
13069 32617
11909 7160
20402 21572
11897 15178
4096 15003
12342 29805
26998 20601
13421 28977
26732 35859
21286 33847
21723 1674
8709 23045
20081 19191
591 11714
12764 17159
8682 32802
10535 23841
3474 10747
33242 7825
7832 30416
14235 15257
6916 15357
16216 10990
25733 38515
4941 7877
18506 863
9494 39250
3346 360
17578 21226
26670 8440
4428 31017
20659 12226
11896 2991
24051 31306
27116 28689
29679 2641
13459 27149
19178 2479
21739 6690
38789 26703
24913 3884
3812 38758
1794 26058
12954 26066
9307 9068
2670 14223
6165 38555
35090 982
21060 8971
2621 33059
5406 4471
17203 6776
28230 12897
19260 19715
38024 24431
4295 37432
28294 28756
20168 18333
11981 824
1285 37289
26280 14256
39000 39570
37453 31464
5767 39421
32137 26857
20522 14523
20413 29275
9155 7101
28153 26527
31737 36734
2881 22074
18209 22288
12248 23
16945 31119
38809 9299
12235 7524
14373 15806
13104 29892
19856 4832
29274 18189
27708 5587
25719 31618
14707 24119
5690 34037
22020 6170
17494 32266
17748 33230
15907 3654
29959 32663
10431 20414
6425 25934
18564 39203
22709 22335
16706 30110
919 1798
8172 26840
38918 34684
14662 24654
35842 27350
38445 10391
3072 19935
303 36824
13667 3930
19553 13351
1995 12738
20510 18826
27989 7570
8624 16114
13426 8710
20699 10135
19392 12033
27731 33023
36189 13296
3091 13675
20076 27288
34772 15740
34958 30673
17895 16960
38930 34435
6311 35445
20028 29910
12103 25872
30891 2720
16791 4097
13345 6474
1590 25414
36429 18273
14459 2012
29025 11881
15723 22915
7076 34262
26215 5819
24952 21777
31275 819
13793 3229
33772 8883
4928 26482
34000 33140
3117 14812
38423 19978
17851 35916
21538 33758
35829 28750
6593 7135
34167 25446
11319 8801
20469 29872
33483 27378
8590 7743
33567 29171
3447 28074
35335 9455
13954 27695
5460 39526
36577 29735
33039 25610
1470 18179
2975 25910
4958 16523
8076 35640
34108 21452
13465 9375
38206 14428
16665 28749
30442 27707
6849 23735
30690 12698
3984 3752
26212 11380
33178 35165
36254 7886
33814 24480
22964 31335
4669 9305
28552 17638
5920 11981
39881 15491
7054 35921
22906 25209
30796 17722
37479 3281
12651 22938
10673 32552
22356 14410
38441 13457
37868 25279
38968 5980
28888 11183
27205 3426
25930 33009
29613 25256
24974 13819
11241 34499
18158 34591
39083 32997
11536 27259
21964 6389
18560 21845
15929 18259
27835 32096
38495 27463
16827 1042
3585 2454
3918 26043
37158 9707
8421 11672
10010 33800
14214 3850
6249 38528
16159 28950
12142 4803
35287 35261
407 11603
8577 33005
31819 27013
3925 18963
21962 3742
33321 28236
22900 4644
19206 33300
14872 34900
34053 26547
13520 30800
343 36168
37284 10102
12274 39638
11667 21000
17058 28410
25025 22064
39240 38753
20142 1094
34267 2661
27366 27011
17036 7988
18317 29665
33200 33338
8443 27615
32199 24461
3179 10180
10417 22587
20455 35708
3382 1576
9903 21908
10905 32538
16705 33359
13420 4025
15442 19883
7778 34986
32582 31734
17135 33479
31857 39553
14456 12579
30059 25826
28675 22689
9579 5794
27982 31309
34267 30814
375 38853
15090 24169
35588 14368
11378 32953
3053 14434
28093 19525
1677 24204
39163 22577
21344 21025
17456 14732
31814 30925
36732 34219
72
28913 11376
28263 16816
39033 32046
28975 31603
39314 3440
21880 6251
5708 15428
29641 5781
22610 29431
39635 32377
34145 15439
2929 32133
35371 13069
34019 7701
37250 36689
6675 9537
6059 35028
721 3135
6358 13453
4477 11598
11846 25175
34755 9430
19304 19893
20671 1309
15011 9272
37748 445
38309 19149
17106 1526
11565 19551
21835 8997
18815 33768
28343 19044
37832 10443
31985 23938
31630 35227
16173 29681
27982 34568
15338 28695
37508 5885
948 30179
29988 22132
32194 9924
27385 29187
27854 24915
1741 19552
19371 34221
12403 13873
17546 2135
33819 26358
37503 14789
4209 6607
24720 39868
11298 34379
38754 11962
8049 5407
11034 20729
37213 17508
4226 32653
17754 34168
28823 7562
31331 37799
15126 26705
5461 6185
7435 13387
1305 7937
30948 14783
39862 13600
35629 2310
12727 19614
9108 10912
919 15215
21076 22638
220
8939 14062
12059 5845
15803 271
20435 18302
32286 24718
16672 35793
20759 14172
3416 10589
32441 21586
34114 21727
20808 23112
9599 9648
1816 29766
21271 7835
32155 9174
21147 24858
34366 26412
6845 39203
2007 16851
14634 19297
19452 24078
1429 17420
3569 10671
15540 20428
14019 31770
5043 38420
21774 2134
37666 19540
23369 34451
7700 4238
24398 18726
23593 25363
16345 5640
37658 17744
11683 8680
21607 22615
8768 29572
38297 33649
673 22564
9201 33617
4253 25584
36088 15168
24643 19482
5546 17962
19777 32151
21374 25665
10652 18728
20719 4665
8622 24616
24353 2511
31103 9267
38969 25003
21208 37973
24865 4758
4923 22449
19689 34297
14664 32374
234 21131
23554 1802
21141 27187
21339 21257
24559 23513
10638 4149
18391 1924
11729 5808
26194 18851
35699 2588
31944 685
24048 17872
9883 33453
13567 38272
12682 711
6304 8340
27532 11563
4099 1219
25378 14917
16660 38870
39897 34275
25814 9874
3228 36841
39749 443
16295 14488
3947 26085
32213 28060
15972 31261
11341 32096
30712 31716
16441 20586
2499 26423
19227 33002
34709 9006
37332 23293
26716 19020
8037 2616
36652 10019
39010 6654
2814 6497
28298 34990
33490 19230
21937 24447
14529 26625
34841 35302
30491 22170
2387 15345
9800 33050
7447 38407
22995 35359
1100 37179
37891 32643
24977 23230
16631 7094
10842 17113
29864 24713
9106 1154
23539 33565
28831 15196
8463 13127
8025 5417
39142 23048
1986 26167
19188 11103
6528 10529
26157 24163
39078 5283
1825 12484
2367 16433
14864 32735
24286 20449
21885 34387
11290 528
10246 5382
16522 7327
23106 12742
551 3862
21065 1299
30765 27351
2317 3467
22391 28026
15629 31730
25774 25312
14316 320
36513 26747
33977 1886
31916 36082
27858 25242
27670 11684
15724 10500
38472 35096
23951 23933
11870 38078
20311 16391
33836 14491
30981 20875
31121 6665
18336 32637
7724 16250
17374 18634
11473 33175
25639 8401
34036 39651
19843 13810
20275 34818
7295 18085
36318 33116
26127 36805
8143 31937
38834 106
14374 15843
28386 16541
5517 37518
32234 33589
31050 385
23688 12860
30309 14011
39387 38382
25330 34219
2531 7077
32027 14807
39014 3747
10354 30973
35870 35909
21107 839
22705 14837
22406 1725
10540 27892
38571 20728
3838 1845
14000 39785
16077 4891
11094 20928
36702 11339
16408 17288
28901 5277
19394 17029
5464 32870
22444 11427
10811 36558
32028 25137
25920 17136
12340 30300
20941 23329
1302 9983
31825 22936
34119 24252
26424 2154
25954 21641
17235 11011
7554 2605
38253 21294
14385 5881
27387 12020
25234 35823
25181 14636
15627 32514
13630 22187
37475 6841
20567 39174
26337 12835
39608 3673
23901 548
464
20435 20751
24504 35129
21896 11593
20368 17065
22531 32291
18278 20174
4736 35371
15604 20072
25085 16774
33483 21931
5859 23996
33032 20074
35064 25675
28477 13031
4871 16211
21377 31818
27822 9496
34431 12944
16421 28303
15267 13539
12972 15144
26572 28506
12668 1980
9209 18910
38849 24916
32408 11435
19844 5474
36038 28725
10085 13335
17330 7515
38933 7086
35477 30730
5845 1542
17842 31318
5280 7546
11700 24854
10362 9083
33153 38306
6388 5113
35565 14668
27949 30415
9488 8061
9645 25087
13303 11319
20369 39239
22373 23153
12239 17098
18959 26597
26256 3066
32685 33612
36174 9330
29384 35613
13898 23063
3162 21367
31034 11485
14299 27857
9217 29917
9487 5264
23450 19530
30874 371
27578 26940
36294 33853
37315 33082
35627 508
37217 17176
24892 13570
7034 29342
11033 13198
6065 31704
24413 24110
3507 1066
36032 1024
8808 10664
31749 26434
6221 35731
28874 12800
34592 20102
16569 26859
277 6212
31707 5888
17965 31702
21278 9157
16269 36088
13983 34602
19695 17258
3920 20544
26873 37529
19758 4582
26724 20753
28696 277
11774 25148
22443 13829
13883 6765
16472 18030
36465 588
28300 15141
5305 23257
28701 39421
2077 36048
6959 32209
28567 20594
17059 15152
36012 33853
10619 33504
19769 35406
16059 39406
15555 6086
24888 14065
33280 35453
548 16684
36126 30401
15424 22340
25066 21961
19145 30783
4240 35157
2555 5623
538 10509
26753 9297
26281 10432
19473 31128
27529 29301
38710 29618
24974 4222
19241 28212
8275 18870
33744 9907
5990 22897
22630 22724
16408 26111
28973 10301
25985 30587
26919 13409
14415 13381
24211 7351
26430 16811
32298 24736
1840 13405
18318 23340
8245 11332
20589 5715
15066 7936
18277 31961
36174 5844
2810 31362
15474 15332
33519 24020
22870 16259
4849 32419
36966 9181
18555 36858
14222 34923
33205 27352
32115 30700
29515 29414
36551 18996
30420 25465
17514 12249
14767 21430
36606 10698
7898 23118
7970 39760
35372 1869
19705 24193
20864 11256
4538 39365
3843 32123
29021 1107
24830 32795
33769 3648
29618 8605
11730 31552
9545 8038
21270 34417
37300 25552
29851 10885
31200 1139
31165 20474
28780 38672
2834 5246
9906 6266
32580 9749
21336 2280
21443 2003
11733 20557
14722 15839
12965 3485
1767 6728
24575 14879
6243 19853
38769 33250
7756 26297
35188 27752
21302 21600
30081 1660
13200 3402
18359 37920
3149 16510
13014 21400
15294 6084
5547 7239
25335 37125
21144 14819
24907 12230
1273 30549
24687 27210
3566 25529
2299 33167
37408 38384
23490 36268
876 3453
15192 18277
12244 29864
13483 26048
39922 22609
18647 29409
7430 30638
31067 4508
28518 29494
24887 14294
18642 27321
35111 26310
6253 20118
386 22444
1433 21936
20447 32275
13289 34076
14222 16774
8716 17529
13919 10615
13826 36822
7614 12711
15422 9347
31861 9348
39945 1398
29947 10117
19236 18985
6303 18234
18649 9422
25846 15845
28709 423
24334 28282
195 24469
22535 8931
31966 2148
39315 25353
30029 3604
36375 39697
16115 24698
17933 29491
32376 4230
2382 17340
38966 29999
31938 13802
37877 35193
26013 1328
15607 10753
502 31743
32627 18736
22580 11026
31552 29213
24743 1944
10079 28067
33078 2199
16271 15820
39965 32125
16968 37046
962 21414
20712 10279
3129 26783
36218 39496
38098 31369
14410 9228
4416 39570
14121 24467
14901 12106
25277 13690
15032 4463
24281 27968
22468 34357
3707 21698
7371 38319
6955 8268
32580 36907
15413 9321
9171 7345
8226 27314
11110 21795
31485 30844
6829 33511
445 14900
4795 1058
11413 39722
26054 24647
14074 24797
6033 23512
11249 36201
19668 184
37964 15767
13131 19
34848 37982
29793 2377
1686 20734
18865 2802
34634 31600
28056 1189
36642 5273
9847 15585
22903 22317
12921 24828
34478 17932
4770 6991
24922 13288
31686 20413
8967 31790
27264 22615
26744 26434
9161 15961
35570 4233
26710 31652
11443 4696
7784 1822
33193 30705
29412 31392
39319 9796
24433 22608
2824 34333
37198 29294
36704 28168
16031 3456
21939 1770
23664 20857
9596 13553
39964 36533
28196 30362
33041 31520
33816 35828
33911 16203
4947 17720
11575 15156
7052 6505
26770 28105
38210 29501
21353 21375
1222 28438
14024 2567
31346 262
36369 5169
35062 33875
10466 31114
25437 4810
16847 881
36668 35153
18327 33226
38327 21956
25351 27683
33306 6316
2975 25647
28999 10671
2885 35074
11595 15960
605 10569
24999 12348
9382 32177
18722 18408
30709 21998
6435 28748
39470 551
25301 33230
20021 3829
38011 20542
13839 11643
5939 135
9586 7623
32541 13895
24389 20720
26616 13900
27734 19928
29967 23597
33648 11675
32607 35504
38392 2494
8882 35983
9067 28141
234 9170
6112 38069
10192 27221
26764 36142
8010 30861
8781 12596
18403 39635
13896 22384
36236 15302
32514 6224
8729 32817
20298 14752
22644 39044
8200 10282
18334 776
8090 10171
12314 33283
5418 18390
4172 22934
34918 39435
35830 11581
24397 23287
26648 6117
17914 39733
36250 22913
10324 12937
17999 1143
4617 25964
1192 12112
31664 39409
23364 19566
36404 28589
18892 35190
25434 15430
14481 5401
18717 7765
24316 29320
16019 8120
39324 23786
1249 31848
29256 30668
16795 10842
36025 17577
34669 13652
16293 11924
13931 38015
18011 37775
21755 23455
10437 12925
2610 6026
24956 36787
29597 3687
35701 32885
32507 32131
27532 21979
9794 38277
38808 22609
29111 6813
28975 18444
26842 31361
38365 34731
29747 3836
35769 17989
3380 6252
9675 7115
39193 7203
9934 12259
23378 36209
28488 24401
22339 2473
8431 26641
2640 38904
17652 38153
1730 34653
23265 39376
39553 27819
35431 13787
26098 1921
12342 14560
26215 35707
18916 17660
0
